  0
  0
-20
-20
  0
  0
  0
  0
  0
  0
-20
  0
  0
-20
  0
  0
-20
  0
-20
  0
  0
  0
  0
-20
  0
  5
 19
-20
-20
-20
-20
-20
-20
-20
-20
  0
  0
-20
-20
-20
-20
-20
  0
-20
  0
-20
  0
-20
-20
  0
-20
-20
  0
  0
  0
-20
-20
-20
-20
  0
-20
-20
  0
  0
  0
  0
  0
  0
  0
  0
  0
  0
  0
  0
  0
  0
  0
  0
  0
  0
  0
  0
  0
  0
  0
  0
  0
  0
  0
  0
  0
  0
  0
  0
  0
  0
  0
  0
  0
  0
  0
  0
  0
  0
  0
  0
  0
  0
  0
  0
  0
  0
  0
  0
  0
  0
  0
  0
-11
  1
  0
  0
  0
  0
-10
  0
  0
  0
  0
  0
  0
  0
  0
  0
  0
  0
  0
  0
  0
  0
  0
  0
  0
  0
  0
  0
  0
  0
  0
  0
  0
  0
  0
  0
  0
  0
  0
  0
  0
  0
  0
  0
  0
  0
  0
  0
  0
  0
  0
  0
  0
  0
  0
  0
  0
  0
  0
  0
  0
  0
  0
  0
-20
-20
  0
  0
  0
  0
  0
  0
  0
 10
  0
  0
  0
  0
  0
  0
  0
  0
  0
  0
  0
  0
  0
  0
  0
  0
  0
  0
  0
  0
  0
  0
  0
  0
  0
  0
  0
  0
  0
  0
  0
  0
